2,2059652,4,2005-09-05
2,1666394,3,2005-04-19
2,1759415,4,2005-04-22
2,1959936,5,2005-11-21
2,998862,4,2004-11-13
2,2625420,2,2004-12-06
2,573975,3,2005-07-21
2,392722,4,2004-12-10
2,1401650,4,2005-02-24
2,988104,3,2005-05-23
2,977632,4,2004-11-12
2,2557870,4,2005-03-27
2,1793899,5,2005-06-04
2,1340535,5,2004-12-12
2,1888322,5,2005-01-20
2,1283598,3,2004-11-30
2,1784150,4,2005-06-17
2,2271251,5,2005-08-19
2,65932,3,2005-07-19
2,1828884,5,2004-12-21
2,1878728,4,2005-12-01
2,1922778,3,2005-02-07
2,1176404,4,2005-02-23
2,2265116,3,2005-09-06
2,1078701,4,2005-10-12
2,1832577,4,2005-09-07
2,748922,5,2005-07-05
2,1013802,1,2005-05-30
2,1131325,2,2005-11-14
2,2244378,4,2005-02-09
2,494639,2,2005-09-26
2,636262,1,2005-08-23
2,1903158,4,2005-03-04
2,220427,4,2005-05-05
2,2439493,1,2005-02-10
2,2225116,4,2005-08-29
2,1445632,5,2005-01-30
2,2592823,4,2005-02-06
2,1288603,5,2005-06-20
2,2556926,3,2005-07-09
2,1190070,4,2005-11-05
2,1312846,3,2005-08-26
2,2226229,3,2005-04-24
2,1563935,1,2005-08-12
2,69809,5,2005-04-08
2,1349753,3,2005-03-23
2,785768,3,2005-04-19
2,426476,5,2005-05-10
2,810636,4,2005-04-25
2,468713,5,2005-07-18
2,222290,4,2005-03-14
2,349407,5,2005-01-02
2,311232,2,2005-06-28
2,2596999,4,2005-10-07
2,1025601,5,2005-11-09
2,1743759,4,2005-01-30
2,2385553,5,2005-05-24
2,1374216,1,2005-09-25
2,526466,4,2005-03-05
2,2648861,3,2005-05-25
2,1210631,3,2005-03-24
2,2314531,4,2005-07-15
2,618272,1,2005-08-14
2,2532807,3,2005-01-28
2,412535,4,2005-05-23
2,1315005,4,2005-06-28
2,1358911,5,2005-12-13
2,507603,1,2005-07-23
2,1507649,5,2005-02-17
2,845529,5,2005-04-26
2,1479907,5,2005-02-28
2,236271,2,2005-06-21
2,2422676,3,2005-04-07
2,1636093,5,2005-10-20
2,995594,5,2005-01-19
2,1664010,4,2005-10-13
2,2431481,3,2004-11-18
2,1980668,5,2004-12-16
2,402321,4,2005-04-18
2,1344564,3,2005-01-25
2,1632603,3,2005-09-09
2,2567280,3,2005-03-17
2,1623166,3,2005-02-10
2,521932,4,2005-01-11
2,105086,5,2005-09-20
2,2072554,5,2005-05-05
2,2231529,3,2005-08-25
2,2103439,2,2005-06-05
2,261764,1,2005-11-10
2,193476,5,2005-03-23
2,1576540,4,2005-04-14
2,1783594,5,2005-03-07
2,503334,4,2005-11-25
2,183903,5,2005-01-30
2,2606799,1,2005-05-16
2,1236127,4,2005-06-07
2,2375962,3,2005-07-04
2,2212071,3,2005-09-17
2,1252841,3,2005-02-06
2,247898,5,2005-07-15
2,970975,3,2005-09-02
2,305344,1,2004-10-16
2,1581186,4,2005-02-27
2,1129620,3,2005-09-03
2,584750,3,2005-11-27
2,11409,5,2005-01-13
2,1875495,2,2005-01-12
2,1403217,2,2005-08-17
2,2147527,1,2005-11-18
2,2418486,4,2005-11-08
2,1476323,5,2004-11-22
2,2345723,4,2004-12-26
2,2640085,5,2005-04-26
2,1803154,2,2004-12-14
2,1251170,2,2005-02-11
2,527491,4,2005-07-30
2,391517,4,2005-05-16
2,1398626,3,2005-11-26
2,828919,5,2004-12-18
2,196494,5,2005-10-03
2,715897,5,2005-10-18
2,268917,2,2005-06-03
2,41422,4,2005-09-11
2,1806515,3,2005-09-23
2,2118461,4,2005-12-20
2,387418,1,2004-11-19
2,2019055,5,2005-05-12
2,348960,1,2005-09-07
2,1167731,4,2005-06-07
2,2468831,5,2005-07-05
2,219925,4,2005-04-18
2,1025193,5,2005-07-07
2,630887,5,2005-01-20
2,1461435,1,2005-03-21
2,1838586,1,2005-08-17
2,1515430,3,2005-01-27
2,1807053,5,2005-04-25
2,1172326,5,2005-06-18
2,1785842,3,2005-06-01
2,803752,3,2004-11-17
2,1581265,3,2005-04-15
2,515436,1,2005-02-13
2,1824543,4,2005-04-20
2,1283204,3,2004-12-23
2,1272122,5,2005-07-25
