10,699878,2,2004-02-09
10,2625420,2,2005-03-17
10,1874659,5,2003-11-18
10,2541025,3,2004-07-24
10,1478381,3,2005-05-26
10,2606540,4,2003-12-28
10,308618,4,2004-12-23
10,741740,4,2004-11-15
10,2213289,3,2003-08-08
10,1380479,5,2003-11-07
10,174683,5,2003-11-13
10,1716229,3,2004-08-31
10,1332388,3,2005-11-29
10,57515,3,2002-12-18
10,616350,4,2003-03-13
10,1311409,4,2003-07-27
10,724050,2,2005-11-18
10,1094517,4,2004-04-12
10,1743030,3,2004-10-29
10,1009622,2,2005-01-19
10,2598295,2,2004-01-18
10,2539763,3,2004-04-19
10,2352327,5,2004-05-11
10,108484,3,2004-01-06
10,832048,3,2005-07-14
10,688590,3,2005-10-24
10,2277519,4,2004-02-23
10,1473206,4,2005-02-23
10,1448808,4,2004-10-14
10,1388266,4,2004-04-12
10,664105,3,2004-05-28
10,1193792,2,2003-07-22
10,727242,1,2005-01-24
10,2294328,4,2005-01-04
10,1521266,3,2004-06-26
10,1447366,4,2004-12-02
10,2266017,1,2005-06-06
10,1567630,4,2002-12-05
10,1164435,3,2004-11-23
10,2170930,1,2005-10-28
10,2196595,5,2004-12-27
10,1792741,3,2004-10-25
10,2275545,3,2003-10-27
10,968759,3,2003-02-14
10,2476624,3,2003-06-02
10,531953,2,2003-08-07
10,1813431,4,2005-08-09
10,2540145,3,2004-10-28
10,2002671,2,2005-03-19
10,1955565,4,2005-11-21
10,1775841,5,2005-05-31
10,2439493,1,2004-01-23
10,2291127,1,2003-02-28
10,1063361,3,2004-07-07
10,1850615,1,2005-07-12
10,492899,5,2004-10-03
10,1147101,4,2004-12-09
10,850291,2,2003-12-15
10,2174682,5,2004-06-22
10,2308224,3,2002-12-02
10,1284481,5,2004-11-29
10,1770331,4,2003-11-03
10,504297,5,2004-10-11
10,1990376,4,2003-06-05
10,1024854,4,2004-06-02
10,1689611,2,2004-04-05
10,388435,3,2003-07-09
10,2101124,3,2004-07-20
10,1903582,4,2003-02-20
10,573864,1,2004-10-05
10,1422693,3,2005-06-23
10,1028463,2,2004-01-23
10,1607759,2,2004-01-03
10,1521657,2,2004-09-20
10,2057571,4,2005-03-22
10,825866,3,2005-03-28
10,1934218,3,2003-04-07
10,1952305,3,2005-07-19
10,2237449,2,2005-02-23
10,1905883,3,2003-01-06
10,93235,2,2003-10-28
10,555770,4,2003-03-06
10,2457095,1,2004-10-26
10,1374216,1,2005-09-27
10,1891060,4,2004-05-07
10,258010,2,2003-12-16
10,2167214,4,2005-04-21
10,849928,3,2004-04-08
10,1652323,3,2003-08-05
10,181003,2,2003-06-12
10,2597832,3,2003-10-02
10,1669454,5,2003-09-18
10,1272917,1,2003-10-24
10,68384,4,2003-09-03
10,2481258,3,2004-05-03
10,2311464,2,2004-09-26
10,2537543,1,2005-04-11
10,311282,5,2005-07-28
10,1714672,3,2004-08-04
10,303270,5,2003-09-30
10,1864793,4,2005-05-20
10,1470123,4,2003-07-18
10,2176292,4,2004-01-09
10,1485766,5,2002-12-10
10,1812877,2,2003-11-17
10,894393,4,2005-02-28
10,2245950,4,2005-03-20
10,1664010,4,2005-10-13
10,580724,3,2004-08-23
10,1832676,4,2004-04-16
10,729751,4,2005-04-10
10,2249828,4,2003-08-06
10,514611,3,2004-12-10
10,2632404,3,2005-11-20
10,659540,3,2003-03-20
10,990789,5,2005-06-29
10,636701,1,2005-08-03
10,265848,1,2004-06-13
10,1633995,2,2004-03-04
10,2117927,5,2005-09-21
10,1940105,3,2005-09-11
10,2637886,5,2003-10-03
10,2014371,2,2005-02-08
10,286684,3,2002-11-25
10,767267,4,2003-12-10
10,2442243,1,2003-08-26
10,2606685,3,2002-11-23
10,2078967,4,2005-08-12
10,767518,5,2004-12-20
10,1975876,2,2004-06-01
10,2044807,4,2004-08-06
10,2194719,3,2004-05-21
10,2559018,4,2004-06-30
10,46920,3,2005-06-01
10,233949,3,2003-06-12
10,416284,4,2004-04-06
10,85287,3,2004-10-20
10,1154507,1,2003-05-23
10,2046267,4,2004-01-02
10,2179049,3,2004-12-20
10,1403983,4,2003-12-11
10,817144,3,2003-04-08
10,951907,4,2003-06-18
10,2173597,2,2002-12-21
10,1655845,3,2003-09-03
10,1042361,5,2004-10-24
10,2063246,2,2005-10-06
10,122001,4,2003-11-05
10,1802136,4,2004-02-03
10,1773304,3,2005-01-31
10,1314095,1,2004-06-05
10,2256485,1,2004-08-16
10,789014,1,2002-12-04
10,491255,3,2004-07-15
10,1089478,5,2005-02-21
10,1415943,5,2005-03-05
10,1471220,3,2005-11-10
10,1693480,3,2003-08-12
10,1634480,3,2003-02-17
10,495000,4,2003-01-25
10,1781852,3,2004-09-29
10,1291710,3,2004-10-18
10,1329110,3,2003-08-01
10,305344,1,2004-01-16
10,387170,5,2004-01-21
10,350351,3,2005-09-28
10,1459464,5,2003-07-10
10,651142,3,2003-07-28
10,1333864,4,2003-05-20
10,1012466,3,2003-11-22
10,844028,1,2004-08-03
10,1403217,2,2005-07-28
10,683751,2,2003-12-09
10,337026,3,2003-05-20
10,436917,3,2004-01-30
10,1986877,4,2004-06-28
10,2224354,3,2004-10-20
10,2260738,3,2005-01-03
10,1643146,4,2004-02-27
10,1181649,3,2004-07-18
10,1958982,4,2005-03-27
10,1529388,3,2003-05-06
10,140565,3,2003-11-13
10,328094,4,2005-02-23
10,932897,5,2005-08-19
10,42072,4,2005-07-19
10,2267044,3,2005-08-18
10,1996811,5,2004-03-22
10,2646583,4,2004-08-28
10,1078512,2,2003-12-17
10,1831890,3,2004-11-21
10,1179982,4,2005-01-27
10,1523608,3,2003-05-27
10,799122,3,2005-08-15
10,817916,2,2005-05-15
10,1886936,3,2004-12-03
10,339264,4,2005-05-31
10,1531863,3,2005-12-21
10,538005,1,2005-08-24
10,2618568,4,2002-12-28
10,1739627,5,2005-08-05
10,1960433,3,2003-06-03
10,1052633,3,2005-08-20
10,1718685,3,2003-07-14
10,1284016,3,2003-07-15
10,1838292,2,2003-10-28
10,838343,2,2004-01-06
10,884216,4,2003-09-27
10,2118461,3,2005-12-19
10,396747,4,2002-12-28
10,935389,4,2004-09-10
10,690939,3,2004-10-28
10,476978,3,2005-03-21
10,2061495,3,2005-04-01
10,2023357,3,2002-12-28
10,387418,2,2003-10-10
10,397212,5,2004-08-07
10,1717595,3,2004-07-28
10,58415,3,2004-12-06
10,1932594,3,2005-04-25
10,1261802,4,2003-02-11
10,1255224,4,2005-05-13
10,765625,5,2005-09-20
10,2303084,5,2005-05-30
10,993729,4,2004-06-10
10,324128,4,2003-05-05
10,1663888,3,2005-08-30
10,1461435,1,2002-12-26
10,858666,3,2005-09-25
10,1072863,3,2004-02-27
10,188106,3,2003-08-28
10,1072331,5,2003-10-17
10,371741,4,2004-09-11
10,1163386,5,2004-10-07
10,1639792,1,2002-12-02
10,1507727,3,2004-01-26
10,328458,5,2003-12-30
10,1137602,2,2004-11-08
10,2460347,1,2003-10-28
10,2080664,2,2005-06-09
10,2132239,1,2003-01-15
10,1707198,3,2004-04-20
10,1852040,2,2004-07-24
10,623155,3,2005-09-10
10,88188,3,2005-12-06
10,1462129,4,2005-03-11
10,1796454,3,2004-01-29
10,1213178,3,2005-12-10
10,515617,4,2003-03-28
