4,1065039,3,2005-09-06
4,1544320,1,2004-06-28
4,410199,5,2004-10-16
4,732556,3,2005-10-29
4,1201419,1,2005-02-21
4,668811,1,2004-05-17
4,303948,2,2004-09-13
4,2418760,4,2004-09-22
4,848193,4,2004-03-15
4,950078,5,2004-08-26
4,1519860,3,2005-07-26
4,1695221,5,2005-03-21
4,757837,3,2004-09-10
4,863898,1,2005-05-15
4,1893150,5,2004-04-04
4,1465754,3,2005-01-12
4,1130594,5,2004-12-07
4,2359084,3,2005-04-02
4,592684,5,2004-08-09
4,2439493,1,2003-12-06
4,156319,2,2005-02-05
4,1664020,2,2004-01-08
4,327721,4,2004-06-09
4,1962074,2,2005-02-05
4,1278643,1,2004-10-16
4,240779,4,2005-04-19
4,578237,2,2004-07-02
4,1584876,2,2004-06-16
4,1773727,3,2004-08-09
4,2468305,1,2005-08-20
4,2111656,5,2004-06-18
4,721992,4,2004-08-17
4,1396036,3,2004-05-20
4,2144266,3,2005-02-03
4,929092,3,2004-07-30
4,1840165,1,2004-05-10
4,2415196,1,2004-01-09
4,1419978,5,2004-07-01
4,1839246,1,2003-12-20
4,1807693,2,2005-02-20
4,2404644,3,2004-04-28
4,2434289,2,2005-09-26
4,679555,5,2004-02-11
4,1768736,3,2004-07-20
4,1207913,2,2005-07-02
4,2050053,3,2005-04-17
4,2010977,2,2005-02-15
4,2104457,3,2004-06-09
4,1119024,3,2005-05-02
4,1664010,3,2005-10-14
4,500325,1,2003-12-29
4,1949730,3,2004-04-28
4,1127519,4,2004-01-31
4,1064952,5,2004-12-21
4,305416,4,2005-05-08
4,1209465,5,2004-11-14
4,42773,3,2005-01-19
4,661894,4,2004-07-04
4,2562578,5,2005-03-19
4,1775273,4,2004-03-26
4,1103874,2,2005-03-01
4,364517,3,2005-04-04
4,2216334,3,2004-04-25
4,2614895,1,2004-08-16
4,1708170,3,2004-09-24
4,1985748,2,2004-02-24
4,2616793,2,2004-11-02
4,381418,4,2005-01-02
4,722591,4,2004-01-03
4,2291306,1,2004-10-04
4,2371497,3,2004-07-12
4,98649,2,2004-11-02
4,2503620,1,2004-10-06
4,768442,3,2004-04-16
4,1425731,2,2004-06-15
4,983261,3,2005-09-11
4,2558357,3,2005-09-07
4,1656198,3,2004-11-09
4,1231504,3,2005-05-11
4,957368,2,2005-03-22
4,924647,3,2004-07-29
4,967,1,2005-01-25
4,165720,2,2004-06-18
4,2285289,2,2005-02-08
4,16272,2,2003-12-12
4,2267322,1,2003-12-20
4,1278390,4,2004-12-08
4,604568,4,2004-12-16
4,1773723,1,2005-02-07
4,305344,1,2003-12-13
4,884500,2,2005-06-08
4,822501,1,2004-07-26
4,2473473,4,2004-02-06
4,1606487,2,2004-11-07
4,21722,3,2004-12-19
4,1898553,3,2004-01-19
4,2522577,1,2004-05-27
4,1864553,3,2005-07-25
4,2498512,4,2005-01-11
4,2636781,2,2004-10-28
4,2067541,2,2005-07-22
4,2487182,2,2005-01-30
4,1433682,3,2004-07-03
4,2299673,1,2005-04-24
4,2357450,5,2004-08-02
4,433955,2,2004-06-15
4,1026790,1,2005-03-07
4,48286,5,2005-02-01
4,1800093,2,2005-11-30
4,1057551,2,2004-11-29
4,2118461,3,2005-12-20
4,1125538,4,2004-10-15
4,387418,2,2003-12-09
4,2092145,2,2004-04-14
4,2485803,4,2004-02-15
4,1592861,3,2005-04-02
4,1629989,2,2004-08-06
4,685253,2,2004-07-20
4,224739,1,2005-02-05
4,2573419,3,2005-12-27
4,1461435,1,2005-08-17
4,2292189,2,2005-03-22
4,1867448,3,2004-04-14
4,1785307,1,2005-05-06
4,1176296,5,2004-03-04
4,1512991,1,2004-12-09
4,582829,1,2004-01-04
4,1114033,5,2005-04-23
4,1758289,3,2005-02-28
4,2503502,3,2004-01-07
4,923650,2,2005-06-19
4,7798,4,2004-07-27
4,965629,2,2004-02-11
4,966983,3,2005-03-20
4,1231198,1,2004-01-27
4,173428,5,2004-04-12
4,1097846,1,2005-03-27
4,165821,5,2004-01-29
4,2610012,3,2004-07-21
4,2275124,5,2005-04-28
4,1918397,1,2004-06-29
4,1310542,4,2004-03-30
