6,2031561,1,2004-07-26
6,1176140,1,2004-02-16
6,2336133,2,2004-09-05
6,1521836,1,2004-08-11
6,117277,3,2004-10-12
6,326587,3,2004-09-06
6,1961542,3,2004-04-20
6,1041552,3,2004-10-19
6,1678346,3,2005-04-11
6,643182,2,2004-07-18
6,2182301,5,2004-08-04
6,2502669,2,2004-02-10
6,2211030,4,2004-05-26
6,603277,3,2004-12-13
6,214166,2,2005-10-09
6,1723799,3,2004-04-08
6,161893,4,2004-03-11
6,2149668,5,2005-03-09
6,575830,2,2005-01-05
6,2173816,3,2003-11-07
6,1571675,2,2004-02-25
6,516082,4,2004-05-05
6,551817,1,2004-04-16
6,352622,3,2005-04-17
6,369215,3,2004-08-16
6,922922,4,2004-08-24
6,1342387,2,2004-10-16
6,2445916,5,2005-06-15
6,1857979,4,2005-11-07
6,468582,4,2005-08-08
6,2541025,5,2004-05-28
6,266808,2,2005-05-15
6,1478381,3,2005-05-26
6,754135,5,2005-08-05
6,635607,5,2004-01-08
6,1083500,2,2004-06-14
6,507921,2,2004-09-30
6,1844503,4,2004-10-09
6,1827995,4,2005-04-10
6,1890622,3,2004-03-07
6,2181957,1,2005-01-02
6,2554745,3,2003-10-12
6,1794933,2,2004-08-16
6,1016977,4,2003-10-09
6,1659731,5,2003-12-30
6,1774516,4,2004-07-09
6,1839937,3,2004-09-20
6,379253,4,2005-09-17
6,2476665,1,2005-12-16
6,1921659,2,2005-07-29
6,174683,1,2004-07-26
6,786312,2,2004-11-06
6,501428,4,2005-03-15
6,1113160,5,2005-07-12
6,1466320,3,2004-02-12
6,631857,1,2005-08-18
6,590113,2,2004-08-22
6,2631668,3,2005-05-15
6,1602952,3,2005-06-14
6,525356,1,2004-01-05
6,1504575,2,2005-07-22
6,1261143,4,2004-03-11
6,1638070,5,2004-02-11
6,2181445,5,2004-01-30
6,276460,4,2005-04-28
6,696969,4,2005-05-20
6,342956,3,2005-05-27
6,1744913,4,2005-11-09
6,110641,5,2003-12-15
6,1741759,4,2004-06-05
6,765573,3,2004-05-10
6,2146486,4,2004-08-11
6,782949,5,2004-10-22
6,1068044,4,2004-11-21
6,1663295,2,2005-05-28
6,146078,3,2005-10-26
6,1406998,3,2004-10-18
6,2525861,3,2005-03-15
6,947397,4,2005-08-16
6,2442755,4,2004-02-20
6,2598295,3,2004-03-27
6,2632117,5,2004-11-23
6,991429,3,2005-03-22
6,1256349,5,2005-10-28
6,1777211,4,2005-07-22
6,1220290,4,2004-05-27
6,1939450,4,2004-04-20
6,172412,2,2004-08-29
6,1218364,4,2004-09-19
6,2280656,3,2004-11-01
6,2246845,1,2004-07-27
6,630920,1,2004-02-25
6,168889,4,2004-10-03
6,16121,1,2004-08-26
6,2542726,3,2004-09-02
6,1640060,4,2004-04-09
6,1260775,3,2004-05-09
6,1822240,4,2004-09-22
6,52076,4,2004-10-05
6,1511683,1,2005-01-19
6,1944630,4,2005-10-18
6,147653,5,2004-06-21
6,404378,5,2005-12-01
6,339362,4,2004-01-01
6,2262272,4,2004-04-16
6,503235,3,2005-09-02
6,1532779,4,2004-02-02
6,2340193,1,2004-09-06
6,1868355,5,2005-02-20
6,2385614,5,2005-04-18
6,113867,1,2005-12-10
6,1242367,3,2004-04-15
6,293284,3,2005-02-21
6,664105,2,2003-10-03
6,894712,1,2004-03-21
6,2556305,3,2004-10-30
6,1430431,1,2005-01-20
6,2330299,4,2005-02-14
6,732363,3,2005-03-24
6,1802239,4,2003-11-11
6,118031,5,2004-03-23
6,1189807,4,2004-06-28
6,914338,1,2005-04-04
6,2435667,5,2004-06-17
6,1807040,1,2003-11-09
6,2646115,3,2003-10-07
6,2408262,4,2004-04-29
6,727242,1,2005-01-28
6,2233113,1,2005-06-01
6,331562,4,2005-09-27
6,719342,1,2004-05-17
6,2354925,3,2004-05-28
6,1662714,1,2004-04-18
6,1567202,1,2005-05-03
6,1110571,3,2005-05-05
6,1231308,5,2005-06-23
6,1657133,1,2005-12-07
6,2209618,3,2003-12-25
6,1663779,3,2004-09-20
6,2048442,3,2004-12-28
6,2633970,3,2005-02-01
6,1223817,2,2005-06-02
6,571702,3,2004-07-21
6,2636960,3,2005-07-26
6,226108,3,2004-01-13
6,1856275,3,2004-09-30
6,1272379,1,2005-01-19
6,2191732,3,2005-04-16
6,1178418,3,2005-10-04
6,1264958,3,2004-02-09
6,645800,3,2004-09-21
6,1184323,1,2004-09-28
6,358452,2,2005-01-10
6,1132940,3,2004-03-19
6,1792741,1,2005-01-07
6,237926,3,2005-03-24
6,1314869,2,2005-09-19
6,2220239,1,2004-05-28
6,1261084,4,2003-11-24
6,1844915,1,2004-06-07
6,622282,2,2004-09-14
6,164845,1,2005-03-04
6,296982,5,2005-05-01
6,342103,4,2005-10-20
6,555509,3,2005-11-14
6,2558951,1,2004-08-18
6,521082,3,2004-07-18
6,762249,4,2004-01-13
6,1433307,5,2004-08-30
6,607531,3,2003-12-26
6,556633,3,2004-02-23
6,1420643,4,2004-02-19
6,2437405,3,2004-10-19
6,2048858,5,2005-09-25
6,688463,5,2005-12-18
6,2029758,3,2004-04-11
6,2237185,3,2003-09-17
6,1108687,1,2004-03-12
6,1800072,2,2004-09-10
6,1981880,5,2004-09-17
6,1829475,2,2004-12-10
6,109725,3,2005-01-23
6,1118398,3,2005-12-19
6,320468,4,2005-12-20
6,245488,3,2004-08-20
6,2320264,3,2004-03-10
6,1833412,3,2004-06-21
6,437793,3,2005-02-20
6,1243410,3,2004-04-30
6,1466772,4,2005-08-10
6,1955565,4,2004-04-23
6,1411663,3,2004-11-01
6,1804816,1,2005-01-03
6,1679204,2,2005-01-19
6,2080766,5,2005-03-28
6,806318,5,2005-06-25
6,1821956,2,2005-09-11
6,1844669,5,2005-10-13
6,2574320,3,2005-12-07
6,453366,5,2004-07-29
6,555955,5,2004-06-02
6,736671,4,2004-04-21
6,1554836,3,2005-10-31
6,499098,3,2005-07-12
6,2086856,4,2004-06-08
6,2439493,1,2003-11-22
6,875184,1,2004-02-25
6,2103259,2,2004-05-06
6,1341902,5,2004-11-01
6,2038947,2,2004-12-14
6,1171677,3,2005-06-28
6,959020,2,2005-11-22
6,1836216,3,2005-07-23
6,2494075,1,2004-08-17
6,2357365,1,2004-02-25
6,735094,3,2004-04-15
6,44887,5,2003-12-09
6,457692,4,2004-06-28
6,147428,3,2004-12-08
6,313975,5,2005-06-15
6,511913,4,2005-10-19
6,2381752,3,2005-08-02
6,1882748,4,2005-08-30
6,2078752,4,2005-06-22
6,497052,5,2005-11-17
6,2227565,4,2005-02-19
6,1684305,4,2005-08-17
6,225338,3,2004-11-29
6,766180,2,2005-10-14
6,762111,4,2005-11-04
6,1948924,3,2005-12-27
6,2533891,3,2004-08-16
6,276182,1,2003-09-25
6,1241521,2,2004-08-15
6,29478,3,2005-02-09
6,514172,4,2005-02-16
6,1563935,1,2005-07-28
6,1330405,1,2004-06-22
6,2254863,1,2005-06-10
6,1656839,2,2005-10-14
6,1138055,2,2005-11-02
6,632346,5,2004-02-14
6,2387537,1,2004-01-14
6,608271,2,2004-08-02
6,976642,5,2004-08-17
6,2586052,1,2004-10-04
6,2287503,1,2004-10-07
6,1770331,1,2005-03-31
6,589626,4,2005-04-05
6,58489,1,2005-04-12
6,2445775,5,2005-04-27
6,1654621,4,2005-05-17
6,1503174,2,2005-10-27
6,1509270,4,2005-11-12
6,2162676,1,2005-08-01
6,2149408,3,2003-12-12
6,656811,4,2004-03-16
6,1914507,4,2005-05-17
6,471023,4,2005-12-10
6,1024854,3,2003-12-07
6,1079431,3,2004-03-16
6,2094098,1,2005-09-07
6,2565182,2,2004-11-23
6,1130061,3,2005-04-26
6,1344118,5,2004-01-14
6,1771252,2,2004-03-04
6,2264426,4,2003-10-22
6,1611298,2,2004-06-08
6,2173247,4,2004-10-26
6,1718989,5,2005-01-31
6,946156,4,2005-03-10
6,2144094,4,2005-03-21
6,2272653,4,2005-07-08
6,1706535,2,2004-05-26
6,1422693,2,2004-04-05
6,1574207,4,2004-11-08
6,394817,4,2004-12-23
6,2294928,5,2005-04-21
6,1028463,1,2004-06-30
6,1874875,5,2004-04-15
6,959039,1,2005-08-30
6,2042560,3,2004-09-10
6,22575,5,2004-04-14
6,321059,4,2004-03-20
6,155622,3,2004-07-13
6,461075,1,2004-09-22
6,2497159,3,2004-10-10
6,111074,3,2004-12-31
6,181567,4,2005-01-03
6,2236981,2,2005-03-22
6,2236554,1,2005-06-16
6,1796943,5,2004-03-31
6,599164,3,2005-08-18
6,1792247,1,2003-10-26
6,348367,4,2004-11-23
6,1236142,3,2005-03-06
6,1351631,3,2005-10-05
6,221619,1,2005-10-18
6,2360874,1,2003-11-28
6,1402149,4,2004-06-07
6,986993,4,2004-06-15
6,2027274,5,2004-09-23
6,1903324,1,2004-05-13
6,477846,5,2004-09-13
6,1778192,4,2005-06-26
6,1270144,3,2005-09-19
6,511112,4,2005-09-25
6,2633545,3,2005-07-17
6,184751,5,2005-06-05
6,729321,2,2004-12-09
6,1829220,3,2004-06-27
6,67658,3,2005-01-19
6,1377751,3,2003-12-16
6,804482,1,2004-01-10
6,2425741,1,2004-06-07
6,686629,2,2004-06-03
6,2317411,4,2004-06-27
6,59374,4,2004-10-31
6,108756,2,2005-01-24
6,2382315,2,2005-05-25
6,2640999,1,2005-10-24
6,495324,5,2003-11-30
6,1788855,3,2004-05-29
6,975188,4,2004-09-07
6,247305,1,2004-06-10
6,1893197,3,2005-11-11
6,180318,3,2005-11-28
6,1498712,2,2004-05-25
6,2342718,3,2005-08-05
6,2423082,1,2004-04-12
6,2027969,1,2004-09-02
6,597776,4,2004-11-21
6,751824,2,2005-05-15
6,711644,3,2005-11-29
6,2627800,3,2003-11-15
6,2098455,4,2004-02-19
6,1828803,2,2004-11-22
6,504989,3,2005-03-15
6,1425403,4,2005-06-06
6,1891060,3,2004-08-13
6,942444,4,2005-09-06
6,489973,2,2004-06-07
6,1280119,4,2005-03-08
6,1862311,4,2005-04-04
6,2409822,4,2004-09-07
6,1936796,3,2005-05-22
6,1677869,4,2005-11-20
6,1763736,5,2004-05-24
6,2092541,5,2004-01-06
6,678815,5,2004-08-28
6,2127497,4,2004-10-18
6,152035,5,2004-12-29
6,2099714,5,2005-03-09
6,1005654,5,2005-10-03
6,767232,5,2004-06-14
6,2265567,3,2004-05-12
6,1226789,4,2004-02-18
6,355742,4,2005-12-07
6,1064641,1,2005-12-21
6,1254977,3,2004-04-06
6,240414,3,2004-03-25
6,2417914,3,2004-03-21
6,792155,4,2003-12-01
6,2290594,3,2004-05-22
6,469822,1,2004-06-15
6,1500112,4,2003-12-16
6,1810512,2,2004-09-30
6,2116941,4,2005-11-12
6,672989,2,2004-05-09
6,2309924,1,2004-11-21
6,974529,4,2004-11-23
6,1819695,1,2005-06-26
6,780320,3,2004-01-26
6,136232,1,2004-02-24
6,1278029,3,2004-07-13
6,285703,3,2004-09-14
6,2321388,1,2004-05-10
6,469525,3,2004-06-05
6,1230971,3,2003-12-30
6,815212,1,2004-11-29
6,1317982,2,2005-02-02
6,1369857,2,2005-02-11
6,2252770,5,2005-06-06
6,1356107,3,2005-07-28
6,719467,1,2004-08-21
6,2165992,3,2004-12-09
6,1580125,5,2005-03-23
6,2604818,4,2005-10-14
6,1767072,4,2005-07-25
6,1915249,3,2004-01-25
6,39953,4,2004-10-04
6,953658,3,2004-11-04
6,595870,1,2005-01-29
6,2415495,5,2005-05-14
6,1641063,4,2005-10-23
6,650986,3,2004-02-20
6,1742476,3,2004-01-31
6,824277,4,2004-02-26
6,2564111,5,2004-11-23
6,2186090,3,2005-03-31
6,381588,3,2005-07-19
6,1763857,2,2004-05-08
6,414536,5,2004-03-13
6,1953510,5,2004-09-13
6,1509600,2,2004-10-08
6,840147,1,2004-10-18
6,1428028,1,2004-11-16
6,1001701,3,2005-01-10
6,1889229,1,2005-02-02
6,1450660,3,2005-10-07
6,1008517,3,2005-11-03
6,2253129,4,2005-02-04
6,783154,4,2004-07-01
6,994370,4,2004-11-04
6,674255,4,2004-12-26
6,1897721,3,2005-03-23
6,2552319,2,2005-04-03
6,1106863,3,2004-04-26
6,1470123,3,2004-07-07
6,1391057,5,2004-07-06
6,862644,5,2004-05-29
6,97736,4,2005-05-10
6,1871595,5,2005-06-28
6,1347835,3,2004-06-29
6,1630571,4,2004-10-06
6,2303793,1,2005-05-01
6,1497596,3,2003-12-20
6,2317770,3,2004-05-25
6,1287180,3,2004-05-27
6,165377,2,2005-03-08
6,550777,3,2005-03-26
6,1725081,3,2004-08-03
6,2518826,1,2004-05-24
6,1017975,1,2004-07-29
6,1664010,4,2005-10-13
6,1138626,3,2005-12-06
6,1148103,1,2004-07-16
6,2604150,2,2004-07-29
6,1027674,3,2003-12-21
6,2542463,1,2005-02-16
6,984085,4,2005-10-02
6,2173328,3,2005-07-26
6,2164523,3,2004-08-10
6,1621350,3,2005-07-10
6,2041239,3,2004-08-03
6,910244,4,2005-08-25
6,329958,1,2004-02-15
6,1300733,2,2004-08-10
6,872126,3,2004-05-21
6,1848148,5,2004-08-13
6,2453949,3,2005-03-02
6,2107976,3,2005-03-11
6,896532,4,2005-03-13
6,152955,4,2005-04-21
6,1642196,3,2004-05-24
6,1474405,1,2004-03-29
6,4456,1,2005-01-20
6,2290290,3,2005-02-07
6,919028,4,2005-03-15
6,209297,3,2004-02-13
6,1465414,4,2004-06-02
6,1604903,4,2004-04-09
6,552997,3,2005-02-07
6,2237597,3,2005-06-28
6,2256611,3,2005-11-28
6,578699,2,2004-06-21
6,1186572,1,2003-12-19
6,2289721,2,2004-05-02
6,1649046,5,2004-04-28
6,218719,3,2004-03-30
6,873713,1,2004-10-25
6,2332315,3,2005-09-06
6,1781536,5,2005-08-02
6,538373,1,2005-06-23
6,1963576,5,2004-07-09
6,75010,3,2005-08-30
6,1861592,2,2004-09-07
6,1474385,3,2004-07-18
6,649804,3,2004-11-03
6,1772573,3,2005-09-23
6,507140,3,2004-04-23
6,1653016,2,2003-10-31
6,402321,5,2005-02-28
6,942709,4,2005-07-25
6,52856,1,2005-08-09
6,2357769,1,2004-05-08
6,767518,1,2004-04-25
6,1301819,3,2005-03-11
6,1514635,4,2005-06-07
6,1517519,5,2004-05-31
6,1858316,2,2005-07-27
6,515351,3,2003-11-10
6,2331622,4,2004-01-19
6,195378,3,2004-06-02
6,853289,5,2005-02-23
6,2212303,4,2005-03-25
6,851078,3,2005-08-17
6,1980190,4,2004-06-14
6,584893,5,2005-11-03
6,622482,1,2004-02-01
6,2522005,5,2004-05-10
6,738784,1,2004-08-31
6,626050,2,2005-01-01
6,1295665,1,2005-02-08
6,1998180,4,2004-06-24
6,2044807,2,2004-09-25
6,2159887,1,2004-10-23
6,1935793,1,2005-03-23
6,1373923,4,2005-09-24
6,15288,5,2005-07-18
6,2054870,5,2003-11-03
6,532439,5,2004-02-22
6,1761853,5,2004-04-17
6,923268,4,2005-07-30
6,1634710,3,2005-08-03
6,2078245,5,2004-09-03
6,1373441,3,2004-10-24
6,442075,4,2005-09-22
6,1679748,2,2004-05-02
6,1203959,2,2004-03-24
6,855878,2,2004-07-19
6,738804,4,2004-03-20
6,334429,4,2005-02-09
6,1063873,4,2005-09-21
6,1323128,1,2005-10-18
6,1245472,3,2004-07-30
6,837693,4,2004-01-24
6,854949,3,2004-08-02
6,2291306,5,2004-02-19
6,2001318,4,2004-04-14
6,2363106,5,2004-08-17
6,1445347,2,2004-12-14
6,1051058,4,2005-02-07
6,1574111,1,2005-05-18
6,1097851,4,2005-01-24
6,1968102,4,2005-05-04
6,2019794,5,2005-10-07
6,1875222,4,2005-07-07
6,2356911,4,2004-06-14
6,2305082,5,2004-01-27
6,1269848,3,2004-11-15
6,1072966,2,2004-11-24
6,2630849,3,2004-12-14
6,1156852,3,2005-09-29
6,407877,1,2004-11-01
6,2075693,4,2005-04-07
6,2184426,3,2005-05-12
6,2503620,4,2005-09-22
6,2452707,3,2005-11-28
6,1890945,4,2004-01-14
6,159266,2,2004-02-08
6,1364146,5,2003-12-07
6,1678397,1,2004-06-23
6,711144,4,2004-04-13
6,830348,2,2004-01-16
6,1556831,1,2005-02-03
6,1170893,4,2005-05-21
6,1084037,4,2004-04-06
6,2538325,4,2004-04-19
6,744546,5,2005-01-31
6,811388,4,2005-03-06
6,597463,4,2005-04-14
6,1193910,2,2005-06-23
6,793852,2,2005-09-23
6,1312075,3,2004-07-08
6,1197388,2,2003-12-29
6,332466,2,2004-04-17
6,2222062,1,2003-10-31
6,1013156,1,2004-07-28
6,268872,3,2004-09-21
6,1093720,3,2005-03-21
6,212870,4,2005-10-27
6,539019,5,2005-12-25
6,2395582,3,2005-08-05
6,1243047,4,2004-09-28
6,320856,3,2005-01-19
6,887361,3,2005-04-06
6,91245,3,2005-05-13
6,1039760,3,2003-10-26
6,306658,5,2004-03-30
6,1737152,2,2004-09-09
6,2050201,2,2004-12-30
6,894055,5,2005-09-12
6,433652,3,2003-12-27
6,1084964,3,2005-03-20
6,1777731,3,2004-05-17
6,1566234,4,2005-04-29
6,1591646,5,2005-09-16
6,280323,4,2004-08-17
6,2426371,1,2004-09-20
6,1996795,4,2005-04-18
6,1778317,4,2005-10-01
6,1160401,1,2005-08-14
6,924710,1,2004-10-06
6,431326,2,2004-12-22
6,2574484,4,2005-05-18
6,668126,5,2003-10-09
6,1854601,4,2004-05-03
6,2249636,1,2004-08-13
6,1216131,3,2005-02-10
6,2039559,5,2005-05-24
6,1182617,5,2005-07-04
6,1648342,2,2004-03-26
6,1158756,5,2004-03-02
6,416435,2,2004-07-20
6,966773,2,2005-06-28
6,344902,3,2005-11-11
6,649855,4,2004-08-28
6,1417763,1,2004-09-07
6,866611,4,2004-07-19
6,2368266,4,2005-05-22
6,2565354,2,2004-09-16
6,719598,5,2004-09-14
6,1634480,3,2004-07-09
6,1466361,4,2004-04-02
6,2312192,1,2004-05-10
6,1222027,1,2004-12-01
6,894205,2,2005-02-22
6,1721758,4,2005-03-18
6,914457,4,2005-06-23
6,591072,4,2005-12-24
6,1116290,3,2003-12-28
6,1462512,4,2003-11-29
6,2374829,1,2004-08-29
6,2553915,1,2004-10-14
6,782640,1,2005-09-29
6,199369,2,2004-09-11
6,1262458,3,2004-09-13
6,621342,3,2004-07-06
6,1778599,2,2004-12-14
6,1112127,3,2005-04-10
6,1960119,4,2005-04-19
6,1067082,3,2005-07-14
6,1059372,3,2005-07-22
6,224092,2,2004-09-11
6,8212,4,2004-03-19
6,697867,4,2004-07-22
6,1434786,3,2005-01-19
6,318972,3,2005-04-23
6,1291710,4,2004-11-03
6,1390778,1,2004-11-10
6,410174,2,2005-05-11
6,305344,1,2003-09-23
6,2209655,3,2004-02-07
6,1073365,2,2004-10-11
6,1804758,3,2005-01-19
6,2360906,3,2003-10-23
6,2032437,3,2005-09-10
6,1600311,1,2004-12-09
6,418561,2,2004-12-17
6,1484863,1,2005-04-15
6,513119,3,2005-06-17
6,1084284,3,2005-07-07
6,844028,1,2003-12-13
6,635056,1,2004-03-19
6,1436857,1,2005-09-01
6,1159683,4,2004-07-23
6,1041983,1,2005-04-24
6,1927930,4,2004-04-15
6,92407,4,2004-05-04
6,973870,4,2004-08-24
6,520371,3,2005-01-04
6,1784106,3,2005-02-09
6,57278,3,2004-07-27
6,1444406,4,2004-11-22
6,26762,3,2005-07-26
6,433593,4,2004-01-16
6,1694315,3,2005-06-02
6,244931,5,2005-11-25
6,740905,5,2004-07-04
6,189162,4,2005-09-15
6,2230226,5,2005-10-24
6,2101837,4,2005-07-07
6,336431,1,2004-02-12
6,2491110,3,2005-08-05
6,386963,3,2005-01-27
6,420297,4,2005-03-08
6,234838,4,2005-11-12
6,1431130,3,2004-08-02
6,1637846,4,2004-03-26
6,149576,2,2004-08-31
6,992028,2,2004-12-28
6,1125572,3,2005-07-06
6,2356503,4,2005-07-29
6,26101,5,2003-11-08
6,1859908,5,2005-08-19
6,1845249,4,2003-10-02
6,402698,3,2004-03-08
6,141046,4,2004-08-06
6,847774,4,2003-10-16
6,2204746,3,2005-08-02
6,2106808,3,2004-02-28
6,440905,4,2004-07-01
6,1282847,3,2005-01-10
6,1697451,4,2004-01-11
6,2430267,4,2005-08-04
6,2615152,3,2004-01-14
6,1191442,2,2004-03-27
6,1612920,2,2004-09-17
6,2057375,4,2004-11-07
6,1869907,2,2005-10-31
6,2085051,5,2004-02-06
6,463136,4,2004-03-12
6,1185473,4,2004-05-20
6,2352700,4,2004-05-03
6,1517355,2,2004-12-14
6,233642,5,2005-02-28
6,154582,2,2004-05-08
6,2393335,1,2004-03-29
6,1063699,5,2005-06-25
6,2397078,4,2004-04-09
6,1209157,4,2004-02-25
6,2577424,1,2004-06-11
6,2555106,4,2004-01-06
6,284410,1,2004-01-08
6,651685,3,2004-06-08
6,1667753,4,2004-12-10
6,22015,4,2005-03-29
6,550170,3,2005-04-15
6,422658,1,2004-04-16
6,1564200,4,2005-02-02
6,1925283,3,2005-03-14
6,1840456,5,2005-05-31
6,1875510,4,2003-10-23
6,205950,4,2004-07-16
6,2045923,4,2004-02-27
6,3798,4,2004-06-06
6,781860,4,2004-07-08
6,2557152,3,2005-02-08
6,2299868,2,2005-04-12
6,534018,4,2005-05-17
6,1336925,5,2004-04-20
6,1287003,4,2004-06-16
6,94660,5,2004-11-27
6,2050755,3,2005-02-08
6,1950207,2,2005-05-15
6,766629,2,2005-10-31
6,1389855,2,2005-11-30
6,763240,3,2004-01-07
6,564660,4,2004-05-27
6,1916558,4,2004-07-12
6,335931,3,2005-01-03
6,1908103,1,2004-01-14
6,1537868,5,2004-02-04
6,1929215,1,2003-12-22
6,2193315,5,2004-01-18
6,2469278,4,2005-04-04
6,2498382,3,2005-05-17
6,187007,3,2005-12-21
6,187648,4,2004-11-26
6,2340601,3,2004-07-04
6,1279181,2,2004-09-08
6,1892690,5,2005-03-20
6,1551139,3,2005-03-29
6,1588607,3,2005-05-31
6,779332,4,2005-11-03
6,2201591,5,2005-11-28
6,1767361,4,2005-12-07
6,1731133,2,2005-07-28
6,648760,5,2005-02-19
6,551208,4,2003-10-22
6,1242697,3,2004-05-07
6,1029137,4,2004-12-20
6,1561960,1,2005-01-20
6,2548434,3,2005-01-27
6,1160371,2,2004-06-21
6,2595820,2,2004-10-26
6,2482394,2,2004-12-21
6,1972929,4,2003-11-04
6,845356,3,2003-09-18
6,613979,5,2004-11-09
6,423522,4,2004-11-15
6,2625702,5,2005-04-05
6,2280423,3,2005-07-06
6,400880,3,2004-05-28
6,688747,1,2004-06-02
6,1354129,1,2004-01-26
6,2192935,4,2004-02-02
6,532381,1,2005-02-02
6,1871118,3,2005-09-12
6,863081,3,2005-11-27
6,207757,1,2004-05-23
6,1982334,1,2004-08-06
6,2493630,5,2004-02-25
6,346760,5,2004-07-05
6,328654,3,2004-10-01
6,1722590,3,2005-11-20
6,2117739,3,2004-02-18
6,953329,4,2004-09-12
6,2473439,3,2004-03-04
6,461894,1,2004-04-22
6,1718685,1,2003-12-12
6,646981,4,2003-10-27
6,1736630,3,2003-11-03
6,1523172,2,2004-01-09
6,1985558,2,2004-02-09
6,2628201,1,2004-07-27
6,1617225,5,2004-10-10
6,320382,4,2005-04-16
6,1234567,3,2005-07-19
6,1516350,4,2005-08-08
6,472927,2,2004-07-27
6,624388,5,2004-10-04
6,1444573,3,2005-03-23
6,1261789,3,2004-06-26
6,139902,4,2004-08-03
6,2061394,3,2004-05-10
6,1628747,2,2004-02-07
6,1857159,4,2004-02-03
6,1495747,3,2004-03-02
6,838343,3,2004-03-08
6,1852774,1,2004-04-13
6,1004395,3,2005-06-08
6,2146579,3,2004-09-14
6,863184,3,2004-08-07
6,46086,3,2004-04-08
6,2608958,4,2004-07-07
6,411618,5,2004-11-01
6,2118461,4,2005-12-19
6,1688337,1,2004-02-03
6,200321,3,2004-09-06
6,1773648,3,2004-08-13
6,618726,3,2004-08-29
6,2634414,3,2004-07-29
6,690939,3,2004-10-15
6,2563731,3,2004-12-13
6,1813851,5,2005-10-05
6,1469098,1,2005-05-23
6,168523,3,2005-06-15
6,387418,2,2003-10-10
6,881109,4,2004-05-27
6,1342591,4,2004-09-20
6,1923886,4,2004-11-19
6,2293722,3,2004-07-31
6,1456447,2,2004-04-13
6,406375,3,2004-01-19
6,408180,4,2004-11-23
6,2448261,2,2004-06-04
6,2296189,5,2004-08-03
6,1176643,3,2004-03-04
6,2238311,3,2004-08-12
6,834222,5,2004-02-03
6,397212,3,2004-03-29
6,704063,3,2004-07-28
6,1648657,4,2005-05-02
6,935459,2,2004-07-30
6,2375550,1,2003-12-03
6,333358,3,2003-11-21
6,2594516,2,2003-11-03
6,468219,1,2004-03-13
6,1773785,5,2005-08-08
6,1089664,1,2004-05-18
6,855820,4,2004-08-30
6,361835,2,2004-11-19
6,379184,5,2005-02-11
6,2216532,1,2005-10-12
6,1130233,4,2004-09-03
6,1932594,2,2004-08-23
6,2517667,1,2004-04-09
6,1689328,1,2004-06-30
6,1975414,1,2004-12-09
6,794999,5,2005-03-14
6,1268968,2,2005-04-08
6,2613445,3,2005-06-27
6,1333911,4,2005-07-19
6,823372,4,2003-12-30
6,2065759,5,2004-04-22
6,1999417,4,2005-02-05
6,309038,5,2005-04-27
6,587259,4,2004-04-06
6,2234943,4,2005-01-11
6,1252289,4,2005-11-15
6,2326926,1,2005-07-31
6,168828,5,2004-05-05
6,1663694,5,2004-06-07
6,394698,3,2004-08-03
6,1663888,3,2004-09-28
6,322293,4,2004-10-18
6,1323150,4,2005-01-25
6,2374978,3,2004-03-24
6,1353315,3,2005-07-25
6,1790163,1,2004-08-19
6,987337,4,2004-05-10
6,2295734,4,2004-02-15
6,534777,1,2004-02-06
6,1036692,4,2004-04-07
6,1461435,1,2005-06-13
6,878789,4,2005-09-22
6,1797692,5,2005-11-29
6,575714,3,2003-09-22
6,2352259,4,2005-07-28
6,253434,3,2004-04-06
6,621908,3,2005-01-09
6,1286243,1,2004-06-03
6,1701805,3,2004-11-15
6,1084635,5,2005-02-06
6,680162,4,2004-01-21
6,2318242,1,2003-10-15
6,1349922,1,2005-09-09
6,2489039,3,2004-04-24
6,123354,2,2005-01-19
6,29948,3,2004-09-16
6,1946215,3,2004-09-03
6,2548453,5,2004-06-23
6,976454,3,2004-11-07
6,1163386,5,2004-11-08
6,2342507,4,2005-06-06
6,900274,5,2005-10-17
6,59663,3,2004-07-27
6,137362,5,2005-08-11
6,1582762,2,2004-09-09
6,2583339,4,2004-05-10
6,230671,1,2004-12-03
6,524792,5,2005-03-13
6,1420020,3,2005-03-14
6,2098301,5,2005-10-26
6,2482336,4,2005-11-06
6,2520741,4,2005-11-26
6,2124138,2,2004-03-23
6,1631730,3,2004-05-25
6,1500175,4,2005-08-09
6,516686,4,2004-07-02
6,922971,3,2004-09-14
6,2185057,1,2004-03-11
6,2415989,4,2005-03-03
6,1137602,5,2005-04-26
6,712209,1,2005-05-17
6,17890,3,2004-07-22
6,559021,4,2005-03-17
6,1930717,4,2005-05-19
6,2331222,2,2005-06-17
6,2444873,1,2004-07-15
6,1821068,3,2004-02-21
6,2012881,4,2004-10-20
6,2261467,3,2004-12-30
6,306468,2,2005-03-06
6,1948750,1,2005-05-21
6,1692639,5,2005-09-07
6,1488392,4,2005-07-05
6,1494674,5,2005-07-08
6,1217133,4,2004-01-24
6,1348653,1,2004-12-20
6,2501228,2,2005-04-18
6,40136,3,2005-06-16
6,465903,5,2004-12-05
6,7798,3,2004-04-13
6,2539837,4,2004-01-01
6,1482363,5,2004-10-26
6,1852040,1,2004-03-17
6,785573,3,2004-06-02
6,578632,4,2004-08-02
6,2513045,5,2005-01-05
6,114332,5,2005-01-10
6,2327192,3,2005-05-27
6,2358238,5,2005-10-25
6,920896,5,2004-07-12
6,440398,3,2004-04-14
6,775895,3,2003-09-29
6,78768,2,2004-02-24
6,1151161,3,2004-07-05
6,1140524,1,2004-04-19
6,926783,5,2005-05-26
6,778849,3,2004-04-07
6,2575417,2,2004-04-21
6,1617280,5,2004-02-10
6,1600674,4,2004-02-29
6,2408780,5,2004-03-26
6,272371,4,2004-09-29
6,355532,4,2004-10-11
6,436590,1,2004-11-07
6,952147,4,2005-01-30
6,1467529,1,2005-04-17
6,1829564,4,2004-07-19
6,2016093,3,2005-08-06
6,772989,2,2004-03-17
6,1261787,1,2004-11-07
6,906675,4,2005-11-07
6,1648411,1,2003-11-01
6,1360936,3,2004-07-18
6,1434336,1,2004-10-04
6,1396332,5,2005-01-26
6,349743,4,2005-10-19
6,185372,2,2004-04-22
6,1848593,1,2004-06-13
6,1548339,5,2004-07-02
6,1979465,3,2004-08-11
6,1524653,2,2004-10-13
6,518236,1,2005-02-23
6,1069489,3,2005-04-02
6,2220847,2,2005-04-13
6,1941973,4,2005-10-07
6,2010226,1,2004-11-26
6,593168,4,2004-05-03
6,1806884,5,2003-12-30
6,2562830,2,2004-06-19
6,2484474,2,2005-02-25
6,1827694,5,2005-02-26
6,1739532,5,2005-12-29
6,2169449,5,2004-01-29
6,348521,4,2004-07-28
6,611620,2,2005-02-05
6,1494367,3,2005-02-25
6,2498356,4,2005-12-21
6,1193595,1,2004-06-11
6,627875,1,2004-03-24
6,1882941,3,2004-07-08
6,2634967,2,2004-12-17
6,141045,3,2005-01-19
6,1400108,3,2005-02-03
6,1567745,4,2005-03-15
6,2630759,4,2005-06-21
6,682051,3,2005-09-26
6,1550207,2,2004-05-18
6,1029867,5,2004-04-09
6,1189445,1,2004-03-14
6,2398437,3,2005-01-03
6,1635449,1,2005-01-10
6,1644788,1,2005-06-25
6,1441086,3,2005-10-12
