1,1488844,3,2005-09-06
1,822109,5,2005-05-13
1,885013,4,2005-10-19
1,30878,4,2005-12-26
1,823519,3,2004-05-03
1,893988,3,2005-11-17
1,124105,4,2004-08-05
1,1248029,3,2004-04-22
1,1842128,4,2004-05-09
1,2238063,3,2005-05-11
1,1503895,4,2005-05-19
1,2207774,5,2005-06-06
1,2590061,3,2004-08-12
1,2442,3,2004-04-14
1,543865,4,2004-05-28
1,1209119,4,2004-03-23
1,804919,4,2004-06-10
1,1086807,3,2004-12-28
1,1711859,4,2005-05-08
1,372233,5,2005-11-23
1,1080361,3,2005-03-28
1,1245640,3,2005-12-19
1,558634,4,2004-12-14
1,2165002,4,2004-04-06
1,1181550,3,2004-02-01
1,1227322,4,2004-02-06
1,427928,4,2004-02-26
1,814701,5,2005-09-29
1,808731,4,2005-10-31
1,662870,5,2005-08-24
1,337541,5,2005-03-23
1,786312,3,2004-11-16
1,1133214,4,2004-03-07
1,1537427,4,2004-03-29
1,1209954,5,2005-05-09
1,2381599,3,2005-09-12
1,525356,2,2004-07-11
1,1910569,4,2004-04-12
1,2263586,4,2004-08-20
1,2421815,2,2004-02-26
1,1009622,1,2005-01-19
1,1481961,2,2005-05-24
1,401047,4,2005-06-03
1,2179073,3,2004-08-29
1,1434636,3,2004-05-01
1,93986,5,2005-10-06
1,1308744,5,2005-10-29
1,2647871,4,2005-12-30
1,1905581,5,2005-08-16
1,2508819,3,2004-05-18
1,1578279,1,2005-05-19
1,1159695,4,2005-02-15
1,2588432,3,2005-03-31
1,2423091,3,2005-09-12
1,470232,4,2004-04-08
1,2148699,2,2004-06-05
1,1342007,3,2004-07-16
1,466135,4,2004-07-13
1,2472440,3,2005-08-13
1,1283744,3,2004-04-17
1,1927580,4,2004-11-08
1,716874,5,2005-05-06
1,4326,4,2005-10-29
1,1546549,5,2004-07-20
1,1493697,1,2005-11-01
1,880166,5,2005-07-12
1,535396,2,2005-02-03
1,494609,4,2004-12-08
1,1961619,5,2005-06-01
1,883478,4,2005-12-16
1,793564,4,2004-04-19
1,1567202,2,2004-03-01
1,573537,4,2005-02-03
1,1972040,4,2005-06-02
1,1838912,3,2005-11-08
1,411705,4,2004-05-11
1,2244518,5,2004-09-15
1,584542,5,2005-02-01
1,667730,5,2005-05-26
1,2488120,5,2005-09-20
1,1926776,1,2005-10-05
1,38052,3,2004-06-03
1,1196100,4,2004-10-30
1,314933,3,2005-09-12
1,1792741,2,2004-02-09
1,769643,1,2004-11-18
1,2477242,5,2005-01-30
1,1421006,3,2005-08-03
1,729846,4,2005-08-09
1,1719610,2,2005-08-19
1,1696031,4,2005-01-25
1,1817215,4,2005-09-01
1,406057,4,2004-09-27
1,636262,1,2005-09-26
1,1245406,4,2004-12-30
1,1834590,3,2005-02-05
1,593225,3,2004-07-11
1,1011918,4,2005-05-28
1,1665054,4,2005-07-06
1,2630337,5,2005-03-10
1,1155747,3,2005-07-03
1,2439493,1,2004-02-06
1,479924,5,2005-08-02
1,530789,5,2005-03-29
1,765860,4,2005-06-13
1,231001,3,2005-01-03
1,1493615,5,2005-05-23
1,1850615,2,2005-07-12
1,68959,3,2005-08-11
1,147386,5,2004-09-19
1,624035,5,2004-02-19
1,782308,5,2004-07-02
1,1116080,5,2005-08-08
1,421374,5,2004-11-17
1,1158759,4,2004-06-13
1,1025798,3,2005-09-02
1,1215397,5,2005-07-19
1,2475251,4,2005-08-25
1,321111,2,2005-05-02
1,2162676,3,2005-08-01
1,2635437,4,2004-12-19
1,2389367,1,2004-07-01
1,485622,5,2005-08-01
1,235553,4,2004-07-15
1,831869,4,2005-06-02
1,99400,5,2005-09-16
1,684876,4,2005-11-01
1,1871179,3,2004-12-08
1,1107678,5,2005-03-15
1,642036,3,2005-09-21
1,700890,5,2004-05-06
1,2289956,5,2004-04-29
1,2040859,1,2004-11-23
1,1524964,3,2005-04-19
1,121318,4,2005-06-06
1,317050,5,2005-11-15
1,2287003,5,2004-12-20
1,59052,2,2004-07-12
1,893742,4,2005-04-27
1,1346257,3,2005-08-23
1,55016,3,2004-05-12
1,30245,5,2004-10-19
1,743633,4,2005-08-09
1,1596531,5,2004-01-23
1,1125499,5,2005-01-31
1,706832,4,2005-05-06
1,2465337,3,2005-04-04
1,2291422,1,2005-08-28
1,1777406,3,2005-01-02
1,1904905,4,2005-05-13
1,2450433,3,2005-01-08
1,1348967,2,2004-06-21
1,638020,3,2005-08-10
1,2217779,4,2005-02-14
1,194280,1,2004-12-14
1,493009,4,2005-03-27
1,1567167,4,2005-09-11
1,850327,5,2005-09-18
1,520386,3,2005-10-25
1,320540,2,2005-07-26
1,1188228,2,2004-12-05
1,57961,4,2004-11-09
1,1113230,3,2005-05-04
1,1374216,2,2005-09-23
1,595778,3,2004-03-03
1,209573,4,2005-10-31
1,2354601,5,2005-12-10
1,2563596,4,2004-04-04
1,835265,4,2005-09-01
1,1819474,3,2004-04-03
1,1447104,3,2004-08-28
1,1100940,1,2005-10-24
1,143274,3,2005-08-31
1,2329565,4,2005-01-19
1,181592,4,2005-03-26
1,936396,2,2004-02-09
1,1125797,3,2004-07-05
1,2283366,3,2004-12-27
1,514495,4,2005-04-13
1,1772176,3,2005-09-27
1,1877347,4,2005-07-13
1,1287892,4,2005-05-17
1,255443,2,2005-05-23
1,890669,4,2005-11-02
1,1989766,4,2005-07-08
1,2315073,4,2004-03-24
1,14756,4,2005-12-27
1,907623,3,2004-05-11
1,991423,4,2004-10-24
1,1604238,4,2005-06-02
1,1027056,3,2005-12-03
1,2025883,5,2005-03-24
1,732936,5,2005-04-24
1,563962,5,2005-11-09
1,799442,4,2005-11-21
1,352635,5,2004-05-11
1,2537543,5,2005-10-26
1,1564395,4,2005-07-09
1,1655178,4,2004-08-26
1,573434,4,2004-05-26
1,1141189,4,2004-12-15
1,383247,5,2005-02-03
1,1763921,5,2004-05-10
1,1943970,5,2004-09-20
1,322009,3,2004-05-20
1,2333817,3,2004-10-22
1,2095681,2,2005-10-29
1,1149588,4,2005-12-13
1,2354740,5,2005-05-05
1,2421360,5,2005-10-19
1,496087,2,2004-04-25
1,2191781,1,2005-04-03
1,1694083,4,2005-10-03
1,818416,3,2005-07-27
1,701960,5,2005-04-29
1,2090477,4,2005-06-28
1,1664010,5,2005-10-12
1,2583822,5,2005-08-17
1,369646,5,2005-04-30
1,2234063,4,2005-05-11
1,259799,4,2005-06-23
1,1077982,4,2004-03-16
1,2631796,4,2005-09-27
1,1122383,3,2004-10-22
1,1508526,3,2004-07-25
1,1600207,5,2004-04-17
1,1283117,5,2005-03-18
1,1727869,5,2005-07-11
1,1522799,4,2004-10-19
1,1394012,5,2005-12-19
1,1558286,3,2005-03-15
1,1155602,3,2005-07-05
1,361066,3,2004-09-24
1,1743210,5,2005-09-22
1,1148389,4,2004-04-03
1,2268101,4,2005-10-28
1,519684,5,2005-07-25
1,767518,5,2005-08-02
1,122197,1,2005-03-09
1,2112162,4,2005-10-14
1,1073367,3,2005-07-25
1,400162,5,2004-11-08
1,1524343,5,2005-03-24
1,741245,4,2005-06-28
1,2563768,3,2005-07-04
1,1406595,4,2005-08-27
1,1137010,4,2004-10-05
1,60343,5,2005-05-08
1,225765,4,2004-05-10
1,2530404,3,2004-05-01
1,437881,3,2004-11-17
1,1935793,1,2005-04-18
1,134001,4,2005-05-06
1,2607300,3,2005-07-25
1,1008986,4,2004-10-25
1,94565,4,2004-12-15
1,828410,4,2005-01-03
1,1805202,4,2005-10-03
1,1922925,4,2004-04-03
1,1435717,5,2005-08-11
1,2277395,4,2004-03-09
1,2305014,5,2004-08-31
1,166041,4,2005-09-02
1,2413320,4,2004-02-06
1,87113,2,2005-09-21
1,722591,5,2004-03-08
1,2291306,1,2004-03-01
1,2010770,4,2004-12-30
1,255383,5,2005-04-10
1,1873429,4,2005-10-27
1,1647618,4,2005-08-27
1,608234,5,2005-02-25
1,42930,3,2005-05-14
1,1462072,5,2005-06-22
1,685565,5,2005-09-26
1,3321,3,2005-09-27
1,2554942,4,2005-10-03
1,1874547,4,2004-08-11
1,2269844,5,2005-11-02
1,34907,3,2005-08-17
1,1779903,4,2005-06-04
1,2576424,4,2005-08-10
1,230112,3,2004-08-26
1,508727,3,2004-07-11
1,1603525,3,2004-10-13
1,172264,4,2005-09-17
1,1182185,4,2005-10-06
1,2275470,2,2005-10-05
1,491531,5,2005-02-17
1,1346432,4,2005-11-15
1,1554712,5,2004-10-27
1,1450941,5,2005-09-13
1,1714116,3,2005-08-09
1,2016488,4,2004-11-22
1,1782762,4,2005-01-19
1,1343170,5,2005-02-26
1,2565752,4,2004-12-10
1,435841,3,2005-09-19
1,2242821,5,2005-08-29
1,638824,5,2004-05-19
1,2256485,1,2004-08-19
1,101597,5,2004-10-01
1,623036,5,2005-05-16
1,1559445,5,2005-06-08
1,1723381,5,2005-08-30
1,1824586,4,2005-03-03
1,2233105,4,2005-09-08
1,682963,3,2005-06-21
1,2529547,5,2005-11-18
1,504620,2,2005-08-12
1,1682104,4,2005-08-30
1,16272,4,2005-01-20
1,2491785,5,2005-05-09
1,978412,5,2005-07-02
1,2054145,3,2005-07-28
1,2444240,3,2005-08-14
1,547732,3,2005-06-11
1,811790,5,2005-09-02
1,31913,4,2004-10-15
1,437111,4,2005-06-27
1,640588,4,2004-09-06
1,2625019,3,2005-09-12
1,2605190,5,2005-11-05
1,915,5,2005-08-17
1,1430587,4,2005-05-18
1,2544219,5,2005-11-20
1,2603381,5,2005-11-29
1,305344,1,2004-02-08
1,2569099,1,2005-08-16
1,2430356,4,2004-07-15
1,885165,4,2005-06-02
1,2380806,5,2005-09-06
1,1512406,1,2005-10-03
1,1774623,4,2005-11-23
1,2226525,4,2005-02-08
1,2537076,4,2005-10-17
1,2060858,4,2005-05-09
1,498469,5,2005-03-22
1,68033,4,2005-10-04
1,1819146,5,2005-08-15
1,2088415,4,2005-02-01
1,473070,5,2005-04-06
1,1823641,5,2004-03-29
1,1839976,2,2004-03-31
1,14924,5,2005-10-04
1,1852606,4,2004-07-23
1,453694,5,2004-07-21
1,921487,2,2004-07-19
1,1022254,5,2004-09-15
1,2464081,4,2005-01-22
1,1228324,4,2005-11-12
1,1563530,4,2004-08-18
1,1181170,3,2004-09-08
1,1357013,3,2004-10-02
1,21722,4,2005-02-07
1,288420,5,2005-06-02
1,1739170,5,2005-09-19
1,2584676,3,2005-08-06
1,2013504,4,2005-08-10
1,1245176,4,2004-07-27
1,269524,3,2005-03-05
1,661344,3,2005-03-16
1,652324,3,2004-04-15
1,2239213,3,2005-08-24
1,863302,4,2004-08-19
1,758850,4,2004-09-21
1,1884755,2,2004-11-15
1,544833,3,2005-09-27
1,1562707,1,2005-07-25
1,810700,5,2004-08-31
1,837756,5,2004-10-26
1,155164,4,2004-10-29
1,493945,5,2005-04-12
1,1565175,5,2004-08-10
1,2005193,4,2005-11-17
1,1605780,4,2004-09-17
1,1294335,2,2004-09-22
1,608576,4,2005-03-19
1,659505,4,2005-05-16
1,1604707,4,2005-10-17
1,2630797,5,2005-12-09
1,402266,5,2004-10-16
1,752642,3,2004-02-24
1,1906145,4,2005-07-19
1,389872,2,2005-08-09
1,1462866,2,2004-10-09
1,1952116,4,2005-04-28
1,54774,4,2005-05-25
1,1776980,5,2005-10-13
1,1494196,5,2004-02-29
1,253794,5,2004-08-10
1,1569513,3,2004-02-26
1,596728,2,2004-04-26
1,1107588,1,2004-02-22
1,1133763,3,2005-05-15
1,1398076,4,2004-07-02
1,1178171,4,2004-07-01
1,984369,3,2005-08-25
1,2618594,4,2004-07-27
1,1653834,4,2004-08-22
1,2322840,3,2005-07-12
1,2207647,4,2004-08-12
1,1994111,4,2005-01-11
1,1824044,4,2004-04-29
1,2255037,3,2004-06-01
1,2056022,3,2004-11-22
1,1458179,4,2005-01-26
1,1508350,4,2005-06-27
1,1168571,5,2005-09-14
1,766489,3,2005-10-01
1,1424199,5,2005-08-08
1,2054180,3,2004-07-09
1,448902,5,2005-07-20
1,1547173,3,2005-11-18
1,1751103,4,2004-08-05
1,121073,5,2004-12-16
1,2609436,4,2004-11-09
1,1398626,2,2004-12-03
1,1311231,3,2004-03-30
1,2279000,3,2005-02-18
1,236921,5,2005-03-19
1,2566259,5,2005-04-06
1,758937,4,2005-10-24
1,2260684,4,2004-11-08
1,1190829,4,2004-02-10
1,136106,3,2005-08-08
1,344753,3,2004-07-21
1,568930,5,2005-05-02
1,206115,4,2005-08-23
1,2390644,3,2004-09-06
1,2078679,5,2005-01-07
1,1682651,4,2005-05-02
1,386915,4,2005-05-27
1,972136,3,2005-06-20
1,1806515,3,2005-09-29
1,11589,3,2005-10-19
1,2118461,5,2005-10-24
1,444411,3,2004-09-05
1,691108,4,2005-02-27
1,332401,3,2005-04-28
1,1278488,4,2005-04-27
1,358776,4,2005-11-21
1,387418,1,2004-02-08
1,872408,4,2005-08-26
1,646098,4,2004-07-19
1,396595,5,2005-02-13
1,1366860,4,2004-01-26
1,1046882,3,2004-08-12
1,470861,5,2004-06-28
1,1455257,4,2004-09-17
1,1274780,3,2004-10-11
1,379184,4,2005-02-11
1,1273630,4,2005-09-08
1,492291,3,2005-06-06
1,145873,3,2004-02-25
1,1388284,5,2004-12-21
1,712610,4,2005-04-27
1,1116065,1,2005-05-03
1,660499,1,2005-07-08
1,1918987,4,2005-07-10
1,1357894,3,2004-09-09
1,190418,3,2004-09-30
1,1060658,3,2005-03-23
1,1443203,4,2005-05-22
1,1772839,5,2005-09-19
1,2385774,3,2004-04-07
1,1059319,3,2005-10-10
1,831775,4,2005-10-15
1,881346,5,2005-11-07
1,1066317,4,2004-05-07
1,13651,3,2004-06-16
1,208920,4,2005-01-23
1,308753,5,2005-10-31
1,2564257,3,2005-11-27
1,565041,4,2004-08-23
1,1602153,4,2005-06-13
1,173930,4,2005-06-30
1,202811,3,2005-07-18
1,353369,3,2005-08-01
1,1201176,4,2005-05-02
1,2047577,3,2005-05-27
1,685113,4,2005-10-24
1,1686060,5,2004-03-21
1,151004,5,2004-07-09
1,2126192,3,2004-04-16
1,1981464,4,2005-08-16
1,1862581,4,2004-06-08
1,1255780,5,2005-03-28
1,1962300,3,2005-06-22
1,1515355,3,2004-05-12
1,1001779,4,2005-09-09
1,2093105,3,2004-06-17
1,1123959,3,2005-01-05
1,1876297,5,2005-05-19
1,1364481,4,2004-05-29
1,998236,5,2004-06-23
1,328415,3,2004-11-01
1,1347129,4,2005-01-24
1,1117062,4,2005-07-07
1,1033930,3,2005-08-11
1,45117,5,2005-08-15
1,1005769,5,2004-09-28
1,712609,4,2005-03-20
1,740495,4,2005-02-05
1,2497991,4,2005-07-07
1,1017324,4,2005-04-05
1,120491,5,2004-09-13
1,1645794,4,2005-04-05
1,1658790,3,2005-06-23
1,2451020,4,2004-09-14
1,1878798,4,2005-01-11
1,1790903,4,2005-04-23
1,1254683,1,2004-02-13
1,874943,5,2005-03-22
1,121456,4,2005-04-19
1,1140108,4,2005-09-20
1,515436,1,2005-02-13
1,272689,5,2005-03-03
1,1247177,3,2005-12-04
1,263240,3,2004-07-07
1,2539549,3,2005-02-23
1,2565654,5,2004-11-15
1,334701,3,2005-02-07
1,42921,3,2005-10-04
1,2011399,5,2005-08-08
1,433945,5,2004-11-06
1,2151149,4,2005-01-13
1,1415954,2,2005-02-14
1,1086360,3,2005-03-10
1,2419258,4,2005-08-12
1,2380848,5,2005-01-11
1,1550216,1,2005-02-07
1,596533,5,2005-03-20
1,287901,5,2005-05-30
1,188613,4,2005-09-15
1,1654508,3,2005-04-25
1,1313126,5,2005-04-27
1,51334,4,2005-05-18
1,2374451,4,2005-06-05
1,2031093,4,2005-06-30
1,548064,5,2005-12-02
1,946102,5,2005-02-02
1,1790158,4,2005-05-17
1,1403184,3,2005-11-12
1,1535440,4,2005-08-18
1,1426604,4,2005-09-01
1,1815755,5,2004-07-20
