9,1329923,2,2004-11-20
9,2472537,2,2004-11-23
9,403531,5,2004-12-19
9,635607,1,2004-10-23
9,1520914,3,2005-04-27
9,1808930,1,2004-10-25
9,525356,1,2005-04-14
9,570414,1,2005-05-10
9,1001129,2,2005-07-30
9,1441263,3,2005-01-22
9,257294,1,2005-03-06
9,235789,4,2004-10-27
9,2098474,2,2005-01-04
9,851702,3,2005-06-03
9,1448475,2,2005-07-15
9,1496080,4,2005-03-07
9,2437650,5,2005-06-30
9,1314869,3,2005-02-06
9,2237185,3,2004-10-15
9,1166912,3,2005-09-23
9,836997,4,2004-11-16
9,1034714,1,2004-09-25
9,2606391,2,2005-02-03
9,1793159,2,2005-05-17
9,2345098,1,2005-07-16
9,2576843,3,2005-04-29
9,1436357,2,2004-08-22
9,2618515,3,2005-07-21
9,2133551,1,2005-08-14
9,2330985,1,2005-05-10
9,1815588,1,2004-12-29
9,110177,2,2005-06-26
9,85747,3,2005-08-06
9,1566860,2,2005-08-30
9,760481,2,2004-12-22
9,2445481,1,2005-11-27
9,1015048,3,2005-01-04
9,797951,2,2004-10-04
9,1495111,2,2005-07-13
9,1628830,4,2005-08-25
9,603349,5,2004-12-13
9,1664010,3,2005-10-13
9,263823,2,2005-08-30
9,733491,1,2004-09-07
9,1817470,5,2005-09-18
9,462171,2,2005-10-23
9,873713,1,2004-10-25
9,683124,5,2004-09-07
9,1914535,1,2005-09-28
9,2428423,3,2004-08-24
9,504440,1,2005-11-03
9,923268,3,2005-06-20
9,1304827,4,2005-09-03
9,903134,4,2005-08-17
9,994113,5,2005-10-26
9,2379079,5,2005-09-30
9,305344,1,2004-08-20
9,2538506,2,2004-09-11
9,1403217,2,2005-11-07
9,827240,3,2004-12-24
9,1897352,3,2005-05-31
9,2087153,3,2005-04-21
9,300435,3,2005-05-26
9,2640278,3,2005-10-09
9,1810588,5,2005-06-02
9,202002,2,2004-10-27
9,752642,1,2004-09-14
9,1391246,3,2005-07-19
9,667722,2,2005-07-17
9,2485642,3,2005-08-09
9,1849174,5,2005-04-13
9,1990416,4,2005-05-21
9,899414,2,2004-09-17
9,1413367,3,2005-01-24
9,1413829,2,2005-03-21
9,1806515,3,2005-09-24
9,387418,1,2004-08-23
9,408180,3,2004-12-05
9,2257189,1,2005-12-13
9,1114324,1,2005-05-31
9,1776947,2,2004-09-23
9,2304126,5,2005-06-29
9,1698887,3,2005-06-09
9,1932594,2,2005-02-15
9,1160597,3,2005-04-20
9,694070,4,2005-09-01
9,1782687,4,2005-06-07
9,1754163,3,2005-08-24
9,1926846,2,2005-10-14
9,172542,2,2005-06-24
9,1851283,3,2005-07-20
9,465903,4,2005-03-07
9,2403785,3,2005-04-04
9,660072,4,2005-08-09
9,299636,1,2005-10-05
